	X	Y0	Y1
1	67.83246295	70.92675667	78.85881205
2	75.80006086	78.7725114	85.3194711
3	57.7350505	62.31019495	66.61852413
4	58.91274725	63.38110477	70.6979985
5	72.1224592	75.80826697	78.29873954
6	70.73088375	71.73522585	80.49362738
7	43.48139638	49.3950011	56.00208971
8	57.50841769	62.67314229	68.59752242
9	59.9052855	63.92852889	72.32372892
10	55.22156688	61.42937335	68.18955767
11	53.5575218	57.11956477	67.63774323
12	62.66545337	66.12608285	72.95545015
13	68.7192776	72.02934524	79.89674371
14	60.13092193	65.62637153	69.79574607
15	83.684255	86.92029961	92.4565254
16	62.26178351	64.19412954	72.79907359
17	58.37114832	64.15734369	66.51896148
18	61.61822675	65.5877931	72.38535127
19	63.80305447	68.90387149	72.66742552
20	76.67510395	80.52091184	85.11299908
21	88.02096998	88.27642971	96.39689538
22	62.85473354	66.38357517	72.21777967
23	57.75889591	60.88188168	68.41719339
24	75.6482248	79.29151758	85.8570027
25	71.10901698	72.37317674	81.27181132
26	68.80993262	72.03431769	79.6442057
27	62.02760559	64.36940169	73.61509284
28	76.36486293	78.3743605	84.94046202
29	57.09305304	61.2900477	69.06012086
30	74.9599625	78.56463488	85.1700698
31	59.29779142	61.40418717	70.30135764
32	53.7684223	56.94363568	65.14822146
33	72.95458267	76.67856782	81.23779605
34	69.85051182	71.44404356	79.49780068
35	64.84517878	67.75612879	73.75048871
36	76.03350391	76.84667962	84.25858936
37	69.1445433	70.94415662	79.65304625
38	61.78965888	64.15600811	72.83571613
39	74.01545004	76.52683392	83.86821161
40	59.73106924	64.26269876	72.27352188
41	64.93552102	68.55835762	74.21526634
42	55.51648346	61.72504885	65.85870386
43	63.38304605	66.69962498	74.82638736
44	59.15823721	65.36241365	70.5608362
45	46.08729384	51.44418697	57.90799579
46	79.28877144	80.56774024	90.85357551
47	73.62834451	77.74102527	83.34065948
48	53.11973763	57.08220666	66.13240583
49	71.83854407	74.9670687	81.63142912
50	72.9274012	76.32662519	81.74044733
51	64.0681208	67.16101793	72.55687807
52	61.33187041	62.94281402	71.46098367
53	54.17798388	58.80392682	66.49582316
54	56.06863935	60.09295733	66.48113314
55	58.13573085	61.36193536	69.39163167
56	71.49826081	74.45220104	81.65059957
57	69.25809718	72.7595766	79.20517761
58	68.79337193	71.74355319	78.02404392
59	73.64794028	74.73400595	84.30346422
60	59.61288396	62.14599562	70.31611408
61	60.52024489	64.48426394	70.97035219
62	51.78221782	56.41863172	65.73745253
63	59.44668501	63.89394977	71.65201144
64	65.79024409	68.45450876	74.83500852
65	70.96174429	74.09698747	80.46510312
66	73.69796938	75.34455903	83.97888794
67	62.72501485	67.01759419	72.8666883
68	60.67538299	66.22459659	71.0366158
69	69.92493797	72.68048003	78.41328102
70	64.45446131	66.95313657	76.63750337
71	79.84189006	81.5094693	88.93916062
72	69.96685064	72.9271756	79.18663808
73	61.5668401	64.01260214	71.49613951
74	59.25402202	64.81883615	72.38427649
75	67.35782895	69.58265893	77.16316949
76	66.22849821	69.36870334	75.67089118
77	60.27805955	63.25111214	70.41699631
78	59.19318738	61.88132605	70.58847128
79	57.44651841	62.68387182	68.40597232
80	61.07409758	65.32762876	71.56874255
81	68.02269131	70.88291296	77.32867161
82	73.29405054	75.32125789	83.59358672
83	71.47931078	72.16449442	79.98765319
84	53.58116432	58.85633688	65.68403065
85	75.1086965	77.4529127	85.29054397
86	76.63533169	77.73177142	85.69796835
87	74.15043469	77.26935055	83.90399694
88	80.46835844	80.8332578	88.61872013
89	42.93990275	47.65494794	56.32530632
90	62.05667323	66.33426674	72.97219228
91	58.53047185	63.48804303	71.34013899
92	69.00109776	71.80732342	78.51099914
93	73.18248871	75.81078152	82.83744679
94	66.3350938	70.43676892	76.16465455
95	74.53218128	77.09394815	83.07233138
96	84.7099052	86.11691283	93.47321148
97	58.01620897	61.56781438	68.55264368
98	54.74140572	58.39940682	68.65915844
99	81.09060554	82.47284468	89.31809581
100	43.71579531	47.26663143	56.30052009
101	60.52291506	64.21028708	70.85237181
102	66.52825758	70.3257718	75.82239176
103	86.73112927	87.91513472	95.994848
104	66.07769603	68.98320496	78.3506413
105	57.9775568	60.98402795	70.80051851
106	65.41529587	68.92070727	76.22118834
107	53.9650763	58.44203698	66.56611146
108	71.29115794	71.46132711	82.36984549
109	78.25853646	79.86186948	87.61456756
110	56.34213076	61.2995154	67.98999583
111	59.02542314	63.60985753	69.85036452
112	72.7934295	75.38728666	83.10521015
113	61.94514488	64.49143052	72.52957396
114	53.36398406	58.22887764	64.24737385
115	62.90560464	64.69813972	72.1251883
116	69.93058899	74.61026921	78.3872992
117	69.33596154	72.87315501	78.19423411
118	71.37607027	75.65257809	81.90364628
119	67.21108199	70.57427237	77.42560124
120	48.21241219	51.58886743	60.5078494
121	66.0891699	70.23399655	74.36969141
122	71.02073769	73.60672082	80.10110898
123	78.91882796	79.29438487	87.60650325
124	62.55054581	64.1569287	73.69503735
125	68.07650689	73.63465461	78.79616297
126	58.07903396	62.75588717	68.0904985
127	69.13369604	73.31356408	76.7912113
128	53.45801345	58.41512051	65.1695563
129	56.85789453	62.18740452	70.68349762
130	67.0867608	72.83167764	75.74605702
131	59.80878795	63.58228833	71.98429298
132	67.36236039	71.16764369	78.15360214
133	63.50511447	67.35147963	72.46557893
134	83.63647544	83.20166557	90.56823898
135	82.35122635	84.62868725	92.34303705
136	58.84514849	62.55487176	69.81705934
137	82.63757362	84.73001427	92.29871926
138	57.26210688	61.20432532	69.45446722
139	70.22863651	73.286364	79.35174393
140	50.60061411	55.27902021	62.00575785
141	65.59258097	68.15587263	76.42303652
142	62.739962	67.20727461	72.45549762
143	66.17541753	66.87491259	78.05027653
144	82.12605879	82.96397443	91.08208803
145	67.01482715	70.75960643	78.41203704
146	73.55733479	74.91277185	85.13611496
147	56.13222816	60.36119989	66.07506004
148	55.17795602	60.00797602	66.5887208
149	53.53156923	58.11878984	66.26818388
150	54.34388123	60.38622188	67.50585939
151	60.8693373	64.1282389	70.31172289
152	66.65177732	69.72978476	76.87964642
153	72.40346006	73.90907612	81.13221359
154	71.7150387	75.314578	80.37186327
155	69.2617517	71.42422459	80.57267146
156	79.86806988	81.18795752	88.97074054
157	83.80173135	84.80388985	91.75756403
158	61.68952619	66.28269675	71.54810104
159	55.29468417	58.67805739	66.79139348
160	51.5720224	56.01502063	62.79440724
161	56.69094213	61.84964438	69.28775066
162	74.47831817	77.38590603	84.13293616
163	65.72925854	69.31547147	77.11966682
164	76.83558356	80.10742039	86.63270467
165	76.51360688	78.5226039	86.18503412
166	71.91863473	73.99938979	82.39362502
167	66.76784177	68.39325135	77.72805718
168	61.00578823	66.85934779	71.16353336
169	72.25294281	77.69438643	82.23562284
170	64.44314085	70.06220619	73.03363439
171	63.42246182	67.89899902	75.15424693
172	62.62893635	66.2863926	74.78533747
173	83.12218109	84.32051355	93.43244431
174	72.85921507	76.42101231	83.46420516
175	59.35508106	62.46052818	70.6233237
176	63.62842325	68.19426826	73.83463046
177	64.88657175	68.77887958	74.46462484
178	70.78950979	75.2051626	79.03193903
179	50.97017095	55.40544948	63.06500559
180	75.00552356	77.7661285	85.00867998
181	45.58379196	50.03280412	55.73568101
182	80.95648705	81.79745734	89.04507808
183	80.70905948	82.9124382	91.16025339
184	63.44376766	68.04473344	72.81639139
185	58.22516326	63.12883602	69.45533763
186	67.15606367	70.18594463	76.93513907
187	41.40895994	48.75324412	55.63458903
188	47.80582925	53.25553249	61.27964802
189	76.89501018	79.48351181	85.9906808
190	71.180203	74.20922345	81.24333276
191	71.4881045	73.14300467	81.46890195
192	56.85557388	61.26015276	66.66888487
193	60.98995322	66.11022767	72.76928128
194	71.27697702	73.58778675	80.79387921
195	61.76327031	65.92382504	72.5791065
196	69.66950451	71.1657539	81.69830615
197	60.71543781	64.40376432	71.63722061
198	50.20519559	55.6995415	62.06919175
199	53.13064244	57.57872298	64.69021376
200	56.24480648	61.20214441	68.47073707
201	59.54017678	63.85635437	69.6959523
202	74.50869793	75.71457792	85.0180491
203	77.528128	78.92642627	88.04420376
204	52.58710632	56.92078776	64.58251299
205	63.73390903	66.69436767	74.39431754
206	54.93187724	59.33545213	66.47141847
207	67.80722786	70.10245395	78.28728111
208	68.0122599	71.64963337	79.53821331
209	63.64112999	67.26491698	74.21729028
210	62.72308079	65.80486197	73.82825326
211	68.48801513	72.98336041	80.01384118
212	57.83849043	62.38924286	69.70820488
213	63.83465683	67.45408484	72.99228175
214	73.68842263	77.41653349	83.54900132
215	66.55681092	71.06440048	78.08741406
216	55.09616598	59.68733572	66.33566899
217	55.05987501	59.16213502	66.17524865
218	71.38398044	73.83451306	80.4150744
219	67.11858975	69.49314949	77.22625453
220	46.57790751	51.37972366	58.22058376
221	73.25565685	76.05145346	83.97290473
222	71.35344315	75.94583654	82.28563217
223	58.33513315	62.45742828	71.61689985
224	65.8966999	69.85187231	77.37884373
225	49.73029829	56.67462021	62.1361306
226	67.49906905	70.51259203	78.15820427
227	66.60817796	71.51898351	77.5874194
228	68.63674314	72.2539189	77.53469673
229	66.22494273	69.64504561	76.64904321
230	69.56032954	73.04412021	80.09361081
231	73.86059845	74.59397377	84.33998065
232	75.61796124	76.33209517	83.91565198
233	53.4263636	59.96689556	65.51575119
234	61.35313513	65.18653427	71.65864316
235	70.81074836	74.72871748	80.17582695
236	80.03846618	82.33493884	88.11504052
237	68.27688811	71.44400569	77.75736525
238	69.57158623	72.37412331	77.39330024
239	61.51424461	63.59183687	73.51286082
240	50.23137261	55.05203608	62.0870256
241	56.62667904	62.87937768	68.5463179
242	61.52394734	66.48167222	72.59451819
243	68.09388171	69.2987847	78.80931314
244	60.63897569	65.38944399	71.50250276
245	68.53451019	72.77931055	77.57807152
246	57.84627903	60.62095709	66.93497453
247	62.94983406	67.8700883	72.31906924
248	58.87176521	62.20170367	69.85161218
249	52.7787273	55.43376852	66.449492
250	65.18911206	69.00455528	75.80539876
251	60.96765972	65.13183205	72.72089997
252	56.12679781	60.07977589	67.68039732
253	85.07743524	84.69668418	93.8241164
254	46.56800707	51.10816184	59.58332612
255	50.08581622	55.40955669	63.29831666
256	77.3362275	79.61471739	88.97120727
257	61.89428966	66.55496705	74.25756478
258	62.9779604	65.14929655	72.47275194
259	71.34535156	74.17925813	81.72563358
260	66.33560047	71.12968033	76.83162007
261	67.02281433	69.39350251	75.2102033
262	61.77648181	66.60444232	72.64885089
263	34.3768455	40.8532035	48.01667651
264	72.94009331	76.58410884	82.58477512
265	74.29111238	76.34370542	84.17004684
266	59.44690899	62.56770164	70.07656093
267	65.10551735	69.82655108	75.60746991
268	76.78739917	78.86906736	86.45241909
269	81.60419199	83.71696203	90.91374638
270	61.0888016	66.41074655	72.2341923
271	49.2788622	53.20995852	62.76604055
272	59.40889776	64.36401464	71.18439457
273	72.11826868	74.98927972	82.3853512
274	63.51853584	67.51675513	72.56180031
275	74.25919658	75.57498591	83.52877717
276	51.85132003	57.50587418	63.76926968
277	60.44139959	63.13883912	71.52215083
278	67.21477785	70.64641377	76.50003195
279	55.07098883	59.08018892	66.86165949
280	58.32091987	64.69968204	69.08766354
281	71.2331641	74.19067214	81.20170859
282	55.7645214	60.90417572	69.2107237
283	78.33397188	81.55503043	86.52715706
284	71.01292298	74.18780037	78.9123328
285	79.80792686	81.40687101	88.98320198
286	72.89699996	78.12980233	82.6167511
287	55.93096895	60.33988858	65.13511217
288	53.05389922	56.18626648	63.65178252
289	69.11032944	70.21151255	78.66671473
290	81.08764127	81.48682331	90.51129942
291	63.26334897	67.19225549	74.82513628
292	69.5515533	71.78190081	79.01791452
293	57.0369054	62.16708479	67.00755891
294	62.46867866	65.06931238	72.6096406
295	73.50380835	76.01297782	82.95714066
296	72.14780483	76.10910203	82.23598423
297	52.51465568	57.4501354	65.11503913
298	60.44512539	63.70583864	70.66257456
299	77.45734612	79.25216849	86.16640965
300	85.75085277	86.70076198	92.04015412
301	64.45380342	69.21448024	74.68237595
302	83.95568989	86.55423113	92.88390962
303	64.0542906	69.18801922	74.89080345
304	66.51864941	70.15863141	76.22220642
305	66.34561803	70.22160454	77.27167032
306	62.81936135	65.99651025	76.23451671
307	77.29481684	78.8914213	85.94531409
308	66.18946741	70.25067184	75.09661205
309	52.27342275	57.23279527	64.2135511
310	53.46416641	56.73221822	65.98057967
311	69.47512545	71.47031868	78.56627041
312	56.53233118	61.25333669	68.91192711
313	70.09648043	72.08431545	79.58419776
314	58.54836334	62.65086274	69.37489441
315	68.77662769	71.8932219	79.12887123
316	67.45526878	69.66814754	78.96538752
317	69.38472045	72.12101697	78.50203548
318	50.62462133	54.95359625	62.87922431
319	73.86894092	77.99931244	83.2823769
320	84.88424339	86.69228457	93.77299684
321	69.30394334	72.77324447	80.94350204
322	64.42032568	68.72679295	75.491658
323	62.14244398	65.84012721	73.02609245
324	48.06458095	52.17253375	58.87573564
325	57.46271495	61.63115613	70.36542248
326	49.19735366	54.74312019	60.31989213
327	60.80049435	64.72041602	73.90322974
328	65.56743599	69.62700646	74.78405697
329	71.99216447	74.14089783	82.0958952
330	53.66866309	58.74903842	62.72352474
331	55.88864448	60.11719807	67.30705672
332	57.84366053	61.25285375	69.87261368
333	58.2609982	60.62534764	69.77350543
334	68.66763682	71.02141841	79.06909717
335	66.16206092	67.55752746	77.66297294
336	57.84407478	63.05690287	70.26834683
337	56.4519183	59.76460496	68.01713666
338	71.50706031	74.56111761	82.54859366
339	85.11011803	86.88141183	93.35799185
340	53.23909178	58.07516754	65.12177516
341	82.40846915	82.58133671	91.85601952
342	67.3321161	71.14423075	76.90177114
343	65.21653186	67.32834197	75.31270365
344	62.85262325	65.45131288	74.33330983
345	73.85227234	76.62951745	83.4183573
346	58.74253874	64.37993431	68.54156359
347	49.50983772	54.2097725	60.09108671
348	51.31402887	54.21238403	63.33410926
349	75.57418708	77.16936893	85.62626872
350	67.57677091	69.048752	78.28163214
351	57.00618914	62.39524171	68.52375133
352	65.29525693	67.36329824	74.81823885
353	60.28499094	65.1917229	69.39446312
354	56.32109005	60.67698842	68.59111842
355	65.66104079	69.35502396	75.83424696
356	70.77682203	74.85003472	80.2407545
357	62.67491253	67.57497521	71.10385464
358	83.60358961	84.05491086	92.06891165
359	58.67394938	63.02710048	70.3017054
360	68.19265802	72.50769392	77.41328204
361	50.21638131	55.70571352	62.55284053
362	60.57277089	63.01833959	71.76555758
363	70.2690744	72.12461171	79.14738516
364	55.1202513	58.85037117	64.49863423
365	63.74877117	66.5974609	74.22605409
366	63.91752965	67.26217897	74.46533182
367	65.36950683	67.63371751	75.80117732
368	61.49803287	63.99586085	72.88369327
369	44.34232029	50.25337234	56.50108706
370	81.18679879	82.15371715	89.1978333
371	60.48364388	64.81697407	69.98015374
372	56.65939805	60.44154008	66.63891576
373	57.44640812	61.73646945	68.64735064
374	70.61434658	73.02021108	78.49604709
375	69.78698389	73.76173486	80.66830033
376	68.28314298	72.15080319	77.76745153
377	70.89470379	73.13298103	81.49973836
378	79.60602771	82.96841953	88.22885185
379	63.31492035	66.6359989	73.67436419
380	65.12975584	68.08594622	75.85382943
381	60.21041695	64.92339837	70.76998846
382	75.18669692	77.8225459	84.13434944
383	45.47100493	51.58253286	58.45059999
384	42.59288945	47.39761713	54.36680315
385	58.23717979	60.47167873	68.18085017
386	80.61628777	82.58834503	87.80507667
387	77.45717871	79.26616254	87.24892137
388	79.51160778	82.73788892	89.44440777
389	77.78483762	79.9291957	87.33167397
390	76.66510264	79.5497385	85.46622254
391	58.74380114	62.41744321	69.40408057
392	73.1845973	74.49103254	82.87205878
393	71.30297416	74.17758715	81.941543
394	59.15810285	64.14425393	69.68381044
395	71.18688488	73.13566041	80.95516747
396	57.69197156	62.4836248	67.7209534
397	62.76746723	66.80214364	73.7216767
398	55.08212079	60.96593946	66.39437397
399	47.45338054	55.14788563	60.61779257
400	56.2428276	60.4340703	68.07367985
401	39.21927494	44.62279121	51.19453079
402	61.33956524	65.44373533	72.63998735
403	56.07087149	61.00887025	68.66960002
404	78.95282403	80.60869013	87.03687346
405	63.2414788	67.88857765	75.73521478
406	92.9584365	92.11542899	100.2553817
407	70.40931171	73.56537783	81.69246745
408	77.82605982	80.88219238	88.05309179
409	67.5705283	71.3093821	78.27024281
410	56.27032776	60.72271803	66.31862787
411	54.27302911	57.78857075	65.62206321
412	64.52107934	67.36117191	76.71302907
413	62.63232731	65.00554921	73.55230876
414	63.07842325	67.39617328	74.27864048
415	68.78429233	71.32880217	76.96492457
416	63.60847876	68.96792144	75.84820892
417	62.57539231	67.9544519	71.54270789
418	77.62380833	79.66206738	86.89665343
419	58.4274158	63.11438934	67.32054767
420	57.75514459	60.99514944	68.17795625
421	70.82825884	74.99014191	81.23055261
422	59.66211791	64.14477044	72.19469468
423	64.56251438	68.31418013	75.47968447
424	64.00385584	66.0221297	74.24748769
425	70.64702116	74.44454468	82.07359576
426	80.35693795	83.6305466	90.25000659
427	70.7175831	74.53425612	82.06225072
428	73.72077074	77.55366105	84.15736175
429	78.41167857	82.67893797	85.55952688
430	65.79919849	71.03841819	75.62687254
431	85.19284076	88.57023789	93.18340368
432	52.58370417	58.28025346	63.72691767
433	60.28380991	63.19231121	71.57389207
434	55.82488579	62.06665213	67.19202216
435	76.952895	78.87980064	86.06075055
436	57.08425945	62.86218028	67.04744512
437	64.76005953	67.86822653	75.86182069
438	62.86004229	66.24486654	73.71989349
439	74.80065909	77.27151688	82.58048693
440	69.99083289	75.10910173	79.3119981
441	58.26894697	62.59583186	70.58979842
442	68.71163193	72.91227168	78.55401547
443	49.02962076	53.01720076	61.34089731
444	70.01996772	73.08932841	78.32327839
445	68.10523661	71.50596545	79.99559534
446	63.81676629	67.98215256	73.77469419
447	69.16610856	72.65221096	77.56938815
448	55.57872396	60.71938122	65.73602763
449	67.81717577	71.21868782	79.30552936
450	56.48789851	62.81368924	67.07659479
451	79.94917612	83.14703944	91.49417305
452	66.35043983	68.82601668	78.50739123
453	56.33400452	60.30046814	66.20361814
454	71.3706298	74.19055894	81.56919219
455	73.00581136	75.68704023	83.58719513
456	56.8765564	60.29546428	68.21268611
457	56.40452427	59.71442964	68.86848221
458	64.12504675	68.07460291	75.37992953
459	78.32955894	81.37317111	89.48215748
460	54.99616041	61.72836443	65.71891621
461	67.76257134	72.57519125	79.31867356
462	58.92650285	63.61628637	70.52671124
463	54.51469952	58.30951741	65.45224522
464	69.65332943	72.86577112	80.96107443
465	62.82525852	65.4421497	74.44579072
466	61.56439776	65.35627887	71.97510819
467	54.09169611	60.13257731	65.99043067
468	68.8966672	72.7793106	78.61888813
469	67.39069435	71.37817098	77.12268395
470	73.03890829	77.28224577	82.82436124
471	52.26400292	57.16284655	65.12470353
472	57.69484716	62.03568251	68.83454604
473	79.09994343	83.01652094	87.43392804
474	61.77654165	65.39046448	73.95732405
475	55.64515192	59.85743656	66.2177084
476	45.41001369	48.89566003	57.27880406
477	66.40868433	70.17226069	76.17330938
478	75.12832245	76.83997878	85.13952536
479	87.6031778	88.60704245	97.11782366
480	71.18064456	75.96996073	81.79743935
481	71.63095778	74.68228547	81.91775853
482	67.34043162	69.78878104	76.32470185
483	58.01624129	60.91203275	68.76497267
484	74.93294111	77.03256425	84.88533943
485	55.36219383	62.84757616	66.20428295
486	80.10075321	82.23265902	89.6539777
487	61.45735652	64.55821641	72.90264332
488	63.22731626	68.06974591	74.19187168
489	58.72969555	63.43947961	68.58903094
490	61.25165589	64.07491944	71.09309996
491	56.04750392	59.92493469	66.18958861
492	75.43438292	76.81342303	85.8002973
493	72.2549902	76.02185075	83.89223842
494	56.60180873	60.92763925	70.21602083
495	67.9629297	69.41497549	78.27367357
496	61.92039604	66.59162445	73.41838971
497	69.38498655	73.29673668	79.38127062
498	62.28212851	67.78130422	75.37123921
499	98.06180784	99.70878381	105.0320143
500	77.28282973	79.67779556	86.5693062
501	60.08339566	64.29103788	71.7209008
502	53.74260049	56.97580268	64.81539419
503	57.86603071	62.00504945	69.76000184
504	66.7520952	68.94084679	77.20466902
505	59.55508797	63.17006811	70.92481616
506	62.78025499	66.98180519	73.11762791
507	49.84163812	54.16440476	63.53525767
508	72.36700861	75.05316909	82.19381895
509	65.39067299	69.11381091	75.9211514
510	69.35898038	74.20521692	80.92313704
511	64.0708348	67.80886408	75.35685057
512	68.80306834	71.29080839	80.66255582
513	68.67192954	70.64610746	81.41964247
514	50.88512211	56.06857944	62.82579716
515	55.41794066	58.85116164	66.32620809
516	53.79996394	56.4387873	66.58842822
517	63.88947205	66.58415245	74.66219554
518	62.43925474	65.5678916	72.99820677
519	65.4897873	68.2828486	75.75581326
520	65.21864476	71.84054729	76.25727529
521	71.194554	73.03650039	82.02367716
522	78.55153744	79.34855756	86.92456687
523	69.72145063	73.33312343	80.22090724
524	54.2979236	58.03178421	65.30327195
525	75.71504467	78.45218087	84.81566823
526	60.82676836	63.48654811	71.16610877
527	73.09039775	77.12798378	84.23670023
528	79.41945661	82.63194327	88.14903921
529	76.96367337	81.81323667	85.0337497
530	54.22654065	60.18655724	65.60517767
531	57.16996759	61.30041435	67.85677259
532	67.52834199	71.69512645	78.51746686
533	77.56772806	79.84549919	87.69596726
534	82.27387547	84.5484112	90.7949325
535	58.00121596	61.80185468	70.33673935
536	64.32865207	68.87676039	74.56023294
537	58.9861253	60.79697709	70.17537138
538	56.33186364	59.48927668	68.90791343
539	55.43727509	58.80941957	67.77974377
540	65.31894253	70.10524181	75.37415543
541	56.54771677	60.53655654	68.3536902
542	78.45267578	79.80898768	86.13135761
543	70.45070707	72.87475182	79.24264626
544	56.19328699	59.17418854	69.65596084
545	70.03080917	74.10305389	80.54336966
546	65.65560383	69.08354255	76.41962913
547	59.41849597	62.38307936	70.90388089
548	66.32731448	68.23547027	76.80566279
549	68.65138254	72.58816933	81.97665101
550	52.85236902	55.78627811	64.08442235
551	60.60986225	63.4511256	70.39139416
552	65.69721517	70.04159276	76.43020394
553	61.10044697	64.36537889	71.78510716
554	59.1763825	64.28493044	68.71899814
555	50.07248881	55.2197347	61.15063273
556	84.75084749	85.56195366	94.1441618
557	67.54892845	70.85345085	79.41970365
558	71.59378567	73.64705339	81.62239058
559	60.90066119	64.21542047	71.69750286
560	69.33971723	72.28656695	79.38397466
561	63.80613404	66.9319503	73.26795017
562	73.26584095	76.15470602	81.90436877
563	55.06978176	60.58717611	66.44682003
564	61.74173968	66.60425205	72.63457828
565	61.783706	65.40124043	72.71709144
566	73.04786664	76.52980914	82.97969888
567	59.03492193	61.514982	69.86561085
568	58.78083264	62.30724284	69.0906624
569	61.39523492	65.25176371	71.75005748
570	72.1134977	73.26138554	80.91403809
571	67.97532254	69.61652954	78.0259649
572	81.60466718	84.20053894	91.54169702
573	59.47945606	64.56579913	69.83785621
574	74.93334904	77.8884829	84.94107308
575	59.76424683	62.21971761	74.14124587
576	60.73180995	64.93357851	71.38848847
577	71.8314146	75.6252362	82.13916748
578	71.83403719	74.75355548	82.81257424
579	57.73396433	61.56553442	69.21997518
580	59.39194889	65.27181342	70.90988113
581	66.62669325	69.22030795	77.95980021
582	60.91613713	64.99936262	71.66766948
583	41.14280879	47.65758987	54.16407583
584	71.00316396	73.95703509	80.38926455
585	58.87836737	60.07913137	69.39949691
586	52.89781138	57.51545525	64.34150778
587	80.10416397	83.06425369	91.10967088
588	66.2911992	69.02368766	76.85927831
589	67.93080188	70.01287223	78.1183892
590	60.05891604	64.28612974	71.09343621
591	72.61045792	74.6711999	81.60562493
592	63.42788647	65.96632961	74.46710571
593	62.52104221	66.39059169	75.23157887
594	55.81460591	61.22773229	68.13503565
595	62.21104498	65.4713	73.78746991
596	66.83981947	69.62887683	78.42523444
597	62.87797264	66.15391679	73.82392317
598	64.03740757	68.03597097	74.37203613
599	58.89173819	63.93699272	69.65045385
600	73.85203002	75.64413459	83.06941833
601	61.00009193	65.04934067	73.26462289
602	72.35545927	74.80754977	82.57674468
603	58.11750331	61.04616362	71.50411531
604	62.50553958	66.30696692	72.57440062
605	76.56864469	79.11620746	84.97681408
606	56.69022769	62.4081872	68.98676458
607	47.31522093	53.75927934	60.56741117
608	79.97058598	80.48126235	89.67725296
609	64.19183422	68.89592613	75.47971834
610	61.77491414	64.07397198	72.04264186
611	52.54644903	55.71921616	63.24550232
612	64.28557441	67.39738086	74.3424603
613	60.28532093	65.10056307	71.50846418
614	54.22236142	57.4079632	67.65662337
615	58.99920012	61.95271579	70.18701741
616	55.35389318	60.5585548	66.63647802
617	63.20423198	65.45500537	73.91091841
618	74.54445419	76.48215356	84.36407442
619	71.13402935	75.66671278	81.17972289
620	76.21550847	78.9930643	83.2843741
621	74.2761983	75.81115407	85.3002297
622	60.59159263	64.30215437	70.24180555
623	51.93983126	57.21252438	63.99990412
624	64.09849506	66.64218737	75.57495851
625	71.76916063	74.07532058	82.18787265
626	78.6005338	80.29207575	88.36434882
627	62.02624345	65.22417878	73.63887423
628	58.82926721	62.86682784	70.93130203
629	64.86682891	69.10959259	74.64726102
630	71.79976095	73.99142247	82.76202668
631	56.95289793	60.88388967	68.80671085
632	72.66459901	75.23753397	81.09474628
633	65.68489445	69.12127369	74.00568354
634	64.49646937	69.58978411	76.50927825
635	65.36728677	69.95773987	75.66013485
636	70.91365661	75.3951074	78.97879095
637	68.99427755	71.98912715	79.54807563
638	73.04807746	75.16259432	82.43939396
639	73.39551665	76.4071131	84.0410053
640	75.8487672	80.10259094	85.92645708
641	53.31258956	58.75481151	64.59848784
642	66.34184243	69.33959171	77.41448602
643	65.40235257	69.10410103	76.28520378
644	73.16816651	76.24225098	83.87291562
645	62.20278853	66.41623966	74.23802446
646	59.07008292	63.15709667	69.73837245
647	66.36885375	70.93521254	78.21273179
648	58.63827997	62.09712725	68.95395216
649	64.51547451	68.41806341	75.97927529
650	79.09296105	81.11315021	90.22598828
651	75.7122795	78.48485656	85.56728296
652	64.23627715	67.56219311	76.27853229
653	55.11854648	59.36406559	66.54973153
654	75.70023554	77.44194545	84.33850049
655	53.26070056	58.32928864	65.0548057
656	63.14209782	66.26344236	74.47886577
657	67.92956358	72.94127343	77.26521691
658	64.84016682	67.72737979	75.89218673
659	63.0910499	66.03456966	73.49759035
660	74.90201634	78.1521297	84.40597135
661	62.47868231	66.78311588	72.89530887
662	55.87270833	60.87936517	66.74927888
663	60.59701214	64.14434204	70.90064749
664	73.16675796	74.34639896	82.19454
665	60.83570289	64.69990488	74.66686636
666	77.78240801	79.21806973	87.30587766
667	72.60038907	76.0222389	83.34311003
668	71.8669824	75.5350712	80.94917087
669	67.15863427	70.74945304	77.82728331
670	65.23288741	68.61410784	76.78568316
671	62.38704697	64.50760152	74.48981848
672	69.20073226	72.05424426	79.59491442
673	83.50845287	85.68479213	91.89368876
674	58.96388737	64.98253578	70.78185039
675	68.87927802	73.77536705	79.32119169
676	63.51588299	66.94747307	75.11921299
677	75.10922139	76.4716929	84.43469596
678	73.13478632	75.87723579	83.84104678
679	73.79895883	76.64249045	83.02559268
680	85.283851	85.72396435	96.36532376
681	60.76799416	66.53248566	72.85006004
682	65.85989447	69.56192713	76.51254133
683	59.65805239	63.64412008	69.3995678
684	79.57394862	82.21921236	87.68714388
685	54.80809524	58.0308456	65.65283212
686	72.76210637	76.61204638	81.66086763
687	65.98686034	70.58872583	77.50339218
688	73.19282221	77.71172496	82.81959458
689	68.18328896	72.39123225	79.30231968
690	67.26427462	70.13861618	77.64694284
691	61.43742493	66.14736632	71.445767
692	67.3198657	70.11564045	79.21586838
693	78.83380133	81.37023491	88.23716622
694	53.70429216	60.11047943	65.89352185
695	63.95675969	68.42098096	74.73269524
696	63.97475274	67.41868211	73.84937039
697	58.2022297	62.21742838	70.59002292
698	65.00569115	67.46688525	75.39817899
699	58.35550226	61.59425783	68.53363964
700	66.63499722	70.48710151	76.04866367
701	54.88594059	59.96564976	65.29487335
702	62.19536568	66.92787234	73.63388819
703	58.14382251	63.57364889	69.90783693
704	50.20833243	55.98703788	61.62429358
705	58.0049708	61.96150503	70.19188933
706	62.70758758	64.25185789	74.82312234
707	67.53456014	70.02248716	79.98028583
708	70.29079636	74.64017742	82.54074649
709	58.08327632	63.00551412	70.05843062
710	72.71721866	75.50094084	81.4735198
711	88.02956819	92.71627564	96.80859688
712	60.25641534	64.93665269	71.46533253
713	80.13910786	81.46069539	89.45312326
714	57.48846181	61.80154908	68.20048043
715	61.02353047	64.49436519	72.44501923
716	74.89429945	78.36400334	84.90573576
717	51.03313447	57.38470783	62.96386252
718	77.12325389	78.2948682	86.06641594
719	67.08305181	69.16448528	77.21450034
720	57.83204279	62.46570105	69.62176773
721	67.8195943	71.19178657	77.12897566
722	62.15506456	66.45674934	73.03182369
723	70.36801627	73.21401294	81.22718079
724	59.56909648	63.62707471	71.41310034
725	68.96014519	73.1090586	77.91043654
726	55.01834887	59.3015914	66.92767765
727	82.33354785	82.57747722	91.85301694
728	76.88898845	78.64092325	86.69919409
729	60.15353308	65.34959143	69.38652961
730	46.64700597	50.73885052	57.7153342
731	53.61778686	57.87300314	65.60867687
732	65.31470878	69.30942774	76.57917692
733	66.98840279	69.7753277	76.35265144
734	64.85098123	68.50513621	75.34314827
735	67.04420752	69.8427101	79.01094449
736	47.64558006	52.97020995	58.91086377
737	62.51283178	65.77736783	72.19276992
738	62.77721324	65.82214627	73.05062891
739	71.49684246	74.49011005	79.6845048
740	64.62128625	68.36463352	75.11859071
741	64.76342169	68.242741	76.79384118
742	76.70541927	79.36731868	85.91876502
743	76.97869654	79.08533139	87.10519605
744	73.25201958	76.87671339	82.58372605
745	65.77892134	69.55319777	76.68717115
746	59.66851653	62.71216313	70.42161212
747	51.87185065	59.15372703	65.5933738
748	47.4445996	53.53844579	57.95550906
749	64.85089857	68.1805775	74.19561352
750	77.31761865	80.4342645	86.30881329
751	62.15035193	67.58621108	73.81800402
752	76.04820975	78.64514797	85.72239774
753	76.68803256	79.83322902	85.5881054
754	58.13858391	63.37708356	67.68753019
755	60.45999044	63.56681071	71.72469044
756	71.11992783	74.44573871	81.75079311
757	53.93573265	59.65624041	65.03789927
758	72.3458102	74.86421261	80.6687345
759	56.62085096	60.9139121	69.44144861
760	87.4567634	87.98037654	96.04311002
761	59.75533684	63.74977103	72.34603861
762	63.38628043	66.68257221	72.55146229
763	84.29007315	86.31247493	92.58105744
764	57.90799506	61.64277077	68.90645922
765	59.97520777	64.92888848	70.62354443
766	68.59602044	71.79358791	79.5752526
767	64.679952	67.09217852	75.07063681
768	67.15811729	70.42427257	76.42666733
769	79.14083885	80.36257383	86.28130564
770	72.73768698	76.11870383	82.36859198
771	50.86960454	56.85887222	62.65969486
772	63.31762755	67.80818061	75.2139709
773	66.15574325	70.11458514	78.28298662
774	69.16945343	71.12268594	79.10033564
775	68.52169308	72.66879339	81.04711505
776	64.26127873	67.14106565	74.17263163
777	65.69646167	68.62356752	76.78849804
778	65.06862015	70.87738505	74.86402381
779	67.20754182	70.17107347	79.43822336
780	55.74356393	60.45899608	66.92177901
781	62.95452774	67.68253456	71.65011216
782	60.23772489	65.74213036	71.46646558
783	55.72434207	59.84486826	69.35171393
784	79.92756142	81.30648299	89.72509722
785	73.87931861	76.56827614	83.07945694
786	68.33639384	71.87939361	78.01928322
787	57.7011139	64.01997134	69.5143859
788	62.96630781	65.8587769	73.44162082
789	57.86376744	62.38137424	69.41058568
790	50.62616804	54.92512496	63.11049516
791	66.81198789	71.24912906	77.6990544
792	60.63545013	64.49153159	71.6438609
793	71.81068604	75.04514178	80.60448331
794	65.6992985	68.51263738	76.89266799
795	64.80825933	70.03499921	74.81031701
796	73.52950732	75.10585717	82.70939361
797	57.53360004	62.89140538	68.1078997
798	74.99412785	79.90328622	81.84617104
799	75.7019892	75.83052741	84.91275624
800	52.87450806	57.68048595	65.7120848
801	65.7864811	69.76123394	76.70611374
802	53.85402467	57.35182523	66.37184254
803	70.40897761	73.94211054	79.94997643
804	40.81105146	47.93428095	55.20466664
805	56.79356206	61.84170147	66.10085529
806	58.03624816	61.53023855	70.89173509
807	66.77958551	70.93134405	77.25767795
808	66.52813648	68.49328701	76.70685872
809	56.8591668	60.54946623	69.36571767
810	65.4874361	70.38749007	76.44286208
811	63.24141873	65.58559629	72.54944731
812	64.9302528	69.40635375	74.73731271
813	37.60283411	43.11100307	49.66354579
814	56.9105623	59.9968087	67.90298227
815	54.68702483	60.02174026	66.22454399
816	61.92131182	65.46319143	73.06936625
817	62.52688223	64.47787043	72.79664152
818	50.7783033	55.595841	63.79224912
819	74.67163231	77.60140336	83.52822097
820	58.94140362	63.38576199	70.00037349
821	71.57703389	75.58157018	83.98172565
822	65.3375278	67.97609852	75.92293763
823	58.47756881	63.09570548	69.19787228
824	85.57857393	86.95480247	92.78154261
825	77.73298404	80.85371259	87.95668746
826	81.58991554	83.20854007	90.54954495
827	54.07538196	57.99081762	65.72353978
828	52.59093579	56.61068653	63.88777324
829	50.08485968	52.8852076	61.75959168
830	68.08564458	70.62486885	77.69811878
831	63.57510944	66.43719839	72.84322028
832	67.63314498	70.63880074	76.96726617
833	62.9068346	65.32564316	73.06947729
834	66.52178222	70.3833079	76.77768335
835	47.81938293	53.635136	60.51048479
836	64.65696267	68.19236352	75.13917366
837	73.59927149	77.97131187	82.72939811
838	72.98905371	76.79070424	81.74832886
839	56.41229503	60.58615729	68.23358488
840	60.65725406	63.84604397	71.32102548
841	53.41642853	56.40456453	65.21113548
842	72.24175683	75.83770366	82.49585048
843	82.97706813	84.23416742	93.14877142
844	60.11630137	61.18675326	70.31339684
845	64.248423	68.47406091	73.35335771
846	62.77669297	66.79031313	73.90989394
847	64.59062744	70.24410212	76.13170595
848	62.21989938	66.47834711	72.68536844
849	49.15731547	54.48790774	60.73545911
850	85.78164803	88.69617842	95.09639384
851	58.10438451	60.7455487	69.06906589
852	64.75338247	67.58961867	77.42347205
853	71.77267643	74.34318462	82.14982155
854	73.20278762	74.96548555	84.45977349
855	51.4220447	56.12199824	63.96405384
856	64.99593759	70.21873736	75.06978575
857	47.0367848	51.09092369	60.00718411
858	62.95115427	66.65589053	73.33427268
859	64.86283589	67.53848252	75.20016689
860	70.00078546	71.93081164	79.57752017
861	93.98241714	95.60104255	101.7717456
862	60.82840555	65.41911364	71.84256752
863	51.04032224	55.19815136	62.16004632
864	67.68984901	71.31956724	78.66679881
865	47.63117483	54.62397479	59.67344801
866	63.65441334	69.04201677	72.99100572
867	61.25137231	64.03857338	71.4000926
868	70.29299818	73.70961822	79.57242041
869	77.43414156	77.65866635	88.82132748
870	59.217482	62.5536366	69.94438304
871	58.76768592	62.26323844	68.3538402
872	68.97644551	71.85634515	78.5593928
873	65.15559983	69.0017409	75.21379653
874	75.70424815	78.9326251	85.51725454
875	71.55584699	75.2964399	81.75116536
876	70.65913227	73.9626441	80.26162533
877	49.69640609	53.57600747	62.52903907
878	66.99016013	71.16045326	79.60995409
879	67.66867092	72.37048781	77.25765137
880	74.16471876	76.2797079	83.38141345
881	63.48963703	66.12603429	73.91126346
882	63.4833768	66.40893342	75.86668415
883	66.56430228	71.35186782	75.96608481
884	57.73019123	62.24167387	69.70245535
885	69.15478	75.05362856	78.67086595
886	76.38202472	77.65494636	83.77808891
887	52.14326247	56.93082916	65.27270718
888	75.18344577	79.3995015	84.36344246
889	73.88529142	76.15680741	83.70248167
890	64.90008863	68.9978853	75.19071451
891	61.03814953	63.803629	72.58622557
892	67.66195977	70.01495965	77.4859659
893	60.87485234	64.06328346	72.9722015
894	65.64924096	70.43170955	75.7568627
895	82.24221118	84.533581	90.41462509
896	51.82098494	55.85596751	63.65400435
897	60.73453181	64.74077705	73.88205895
898	63.51279058	68.62213953	76.29166207
899	67.37046966	71.75108753	78.7760587
900	54.99836009	59.27014909	66.38687117
901	74.23436617	75.85109149	83.56783
902	54.63086602	60.0467291	66.33215373
903	74.03332029	77.30602113	81.21361149
904	72.21378337	76.03503082	81.91955839
905	71.09611775	74.87857707	80.18100152
906	66.48610156	71.0547621	76.37412828
907	66.30239812	69.70601409	76.88591684
908	60.10496487	63.8150555	71.73926417
909	70.67280557	72.54331118	80.11927302
910	71.76649626	73.3267403	80.74226788
911	69.08861147	74.33756684	79.4266022
912	62.7416497	66.98373654	74.25997305
913	63.56125838	64.98721508	73.06350096
914	77.65710352	78.78015819	86.45598025
915	72.9832196	75.71514051	81.02680545
916	62.68094072	66.02352168	73.63426748
917	69.9336158	74.5014729	80.49939894
918	56.87774217	61.40378166	68.72983089
919	82.37860659	84.3994737	92.37013968
920	52.23823811	56.16049188	63.41570756
921	69.3495242	72.74100414	80.41429785
922	66.83020623	70.35856097	76.99927736
923	48.48998378	52.99143599	62.0187569
924	53.57382553	58.26339661	64.73954589
925	84.97969888	87.73610335	92.89438494
926	68.5760963	71.67138505	79.17265009
927	68.56922004	71.90967324	79.17900599
928	70.06068558	71.668944	79.77206362
929	53.62654585	56.668238	65.5890771
930	52.01415072	57.00888519	63.22836883
931	67.82882158	71.65356422	76.11541397
932	67.50261211	69.56027981	75.11733271
933	61.24931058	64.80477607	70.4642496
934	63.0750858	66.79814638	72.46879523
935	67.9982017	70.84003275	78.80168262
936	80.20681849	82.77507935	88.36393687
937	68.77470964	71.85620994	78.82702209
938	61.80533237	65.15496096	71.78264747
939	63.56973825	69.36722912	73.96708396
940	77.52851931	78.97885129	85.96331191
941	56.58366666	59.45408875	67.88365182
942	46.45724358	52.25641835	60.58863347
943	69.28044489	73.41211633	78.38934541
944	52.32508084	56.01632087	65.50301419
945	62.22322277	67.84212857	73.6275814
946	72.50608472	75.84186274	81.78758097
947	57.88970739	61.82805112	69.17029386
948	67.25377631	72.46228064	76.59866968
949	54.43488277	57.31253826	65.92399452
950	73.37294043	75.6601101	83.37938704
951	85.69175307	86.78118127	92.99340412
952	57.63346867	61.92786889	67.55746775
953	66.0620967	68.60741662	77.87292886
954	52.72202868	56.56486646	64.12246671
955	71.02681926	73.53169168	80.38865116
956	44.94064662	51.32474864	55.58614708
957	64.8899889	67.40917897	73.62385372
958	75.68107	77.10478138	85.75358442
959	58.48930502	60.93485495	67.40463293
960	71.95206036	76.94244957	81.40251003
961	51.35695025	57.08890196	63.80415638
962	56.69413767	62.16928485	68.10036532
963	65.55554659	68.52667808	75.3589438
964	66.39842011	69.27313637	77.20576868
965	55.87660072	61.43166217	66.77943167
966	61.61712078	63.99228167	71.90744986
967	60.36856706	65.41281301	71.28114595
968	62.69821964	66.36215969	73.29536296
969	59.52644133	60.37198521	70.09359092
970	58.42689615	63.05938091	67.50746154
971	64.07557121	66.93462273	74.70170316
972	62.45280287	64.47296612	72.42525197
973	64.02552266	69.34535977	75.17010691
974	53.84476449	57.80970469	66.90231637
975	53.07007587	56.77813646	64.02301612
976	90.97688411	90.38493304	100.4336042
977	59.69336836	63.93142577	71.80242496
978	60.43232316	62.74259594	74.09618198
979	48.99881642	52.80294219	59.90561999
980	72.79817106	75.99285963	80.1060127
981	70.89314444	74.08162473	79.84468216
982	67.26513536	70.41592194	75.60931233
983	59.74149115	65.05190132	72.78657915
984	52.44497655	57.2945918	64.49363704
985	49.99798365	56.29955837	61.58107634
986	58.57838537	61.69434415	69.75931089
987	61.15607606	65.2106075	73.15495374
988	69.93187168	72.20730611	78.49752183
989	72.20836677	75.34528895	83.23616135
990	75.62542275	77.53083941	84.46294454
991	68.05511962	71.11376773	79.29466775
992	69.23015916	72.6776679	78.57268124
993	52.90058573	57.50286405	65.03683046
994	74.94906861	77.62632573	84.27009701
995	61.62552711	66.97106371	73.61885066
996	51.69566735	55.70218444	64.17719081
997	65.64738333	70.13314182	75.81028793
998	47.85433349	54.2259213	60.07572865
999	81.14616787	82.79413286	89.95825802
1000	53.05567622	58.39332467	63.71310351